  30607053    973488    666442       384   1.406556387003E-004   1.287132700000E+001   1.285041900000E+001   5.414500498772E+001   2.721868325711E-001   7.500021577116E-003   2.721868325711E-001   1.156848400000E+001   1.233099007607E+001   1.406556387003E-004   1.162914700000E+001   1.255066704750E+001   1.000000000000E+000
  99999999    973488    666442       384   1.406563005147E-004   1.448437000000E+000   1.416297000000E+000   4.118555712700E+001   2.721868325711E-001   7.500092155639E-003   2.721868325711E-001   3.709260000000E-001   9.034030437469E-001   1.406563005147E-004   4.353880000000E-001   1.079854011536E+000   1.000000000000E+000
  30600000   6983659   5331536       384   1.414585714321E-004   5.459694000000E+000   5.441884000000E+000   4.617529320717E+001   2.729104184448E-001   7.585893728413E-003   2.729104184448E-001   2.484747000000E+000   2.700752019882E+000   1.414585714321E-004   2.762373000000E+000   3.084309816360E+000   2.000000000000E+000
  99999999   6983659   5331536       384   1.414585714189E-004   5.097271000000E+000   5.060673000000E+000   4.538363385201E+001   2.729104184448E-001   7.585893727002E-003   2.729104184448E-001   1.943532000000E+000   2.545776128769E+000   1.414585714189E-004   2.203580000000E+000   2.914069175720E+000   2.000000000000E+000
  20600000   6983659   5331536       384   1.414585714331E-004   7.470396000000E+000   7.443322000000E+000   5.195284605026E+001   2.729104184448E-001   7.585893728520E-003   2.729104184448E-001   4.389203000000E+000   4.541023015976E+000   1.414585714331E-004   4.663377000000E+000   4.925887823105E+000   2.000000000000E+000
  20700000   6983659   5331536       384   1.414585714321E-004   7.419332000000E+000   7.391656000000E+000   4.733399105072E+001   2.729104184448E-001   7.585893728419E-003   2.729104184448E-001   4.038300000000E+000   4.205458164215E+000   1.414585714321E-004   4.311301000000E+000   4.556427001953E+000   2.000000000000E+000
  30600000   6983659   5331536       384   1.414585714320E-004   5.432558000000E+000   5.409539000000E+000   4.574692392349E+001   2.729104184448E-001   7.585893728402E-003   2.729104184448E-001   2.268947000000E+000   2.509364843369E+000   1.414585714320E-004   2.545517000000E+000   2.864158868790E+000   2.000000000000E+000
  99999999   6983659   5331536       384   1.414585714189E-004   4.885434000000E+000   4.859673000000E+000   4.465431690216E+001   2.729104184448E-001   7.585893727002E-003   2.729104184448E-001   1.931901000000E+000   2.532426118851E+000   1.414585714189E-004   2.217649000000E+000   2.894136905670E+000   2.000000000000E+000
  20600000    973488    666442       384   1.406563002154E-004   1.989282000000E+000   1.955000000000E+000   4.481878614426E+001   2.721868325711E-001   7.500092123722E-003   2.721868325711E-001   5.300250000000E-001   6.029031276703E-001   1.406563002154E-004   5.910740000000E-001   7.822408676147E-001   1.000000000000E+000
  20700000    973488    666442       384   1.406563002165E-004   2.817155000000E+000   2.790309000000E+000   3.958774614334E+001   2.721868325711E-001   7.500092123842E-003   2.721868325711E-001   4.708000000000E-001   5.530178546906E-001   1.406563002165E-004   5.210340000000E-001   7.116780281067E-001   1.000000000000E+000
  30600000    973488    666442       384   1.406563002152E-004   2.133930000000E+000   2.112254000000E+000   3.946123290062E+001   2.721868325711E-001   7.500092123706E-003   2.721868325711E-001   1.393840000000E-001   3.768260478973E-001   1.406563002152E-004   2.150130000000E-001   5.530321598053E-001   1.000000000000E+000
  20600000   6983659   5331536       384   1.414585714331E-004   7.590819000000E+000   7.567982000000E+000   5.133427500725E+001   2.729104184448E-001   7.585893728520E-003   2.729104184448E-001   4.557643000000E+000   4.727185010910E+000   1.414585714331E-004   4.818908000000E+000   5.077723979950E+000   2.000000000000E+000
  20600000   6983659   5331536       384   1.414585714331E-004   7.409673000000E+000   7.382822000000E+000   5.253531789780E+001   2.729104184448E-001   7.585893728520E-003   2.729104184448E-001   4.476750000000E+000   4.622194051743E+000   1.414585714331E-004   4.734051000000E+000   5.001351118088E+000   2.000000000000E+000
  20700000   6983659   5331536       384   1.414585714321E-004   7.028746000000E+000   6.999659000000E+000   4.645564293861E+001   2.729104184448E-001   7.585893728419E-003   2.729104184448E-001   3.948952000000E+000   4.090759038925E+000   1.414585714321E-004   4.218540000000E+000   4.439598083496E+000   2.000000000000E+000
  20700000   6983659   5331536       384   1.414585714321E-004   7.161253000000E+000   7.142406000000E+000   4.581503701210E+001   2.729104184448E-001   7.585893728419E-003   2.729104184448E-001   4.023503000000E+000   4.203758001328E+000   1.414585714321E-004   4.282358000000E+000   4.558322191238E+000   2.000000000000E+000
  30600000   6983659   5331536       384   1.414585714318E-004   5.243034000000E+000   5.216307000000E+000   4.550417304039E+001   2.729104184448E-001   7.585893728386E-003   2.729104184448E-001   2.330190000000E+000   2.605598926544E+000   1.414585714318E-004   2.595269000000E+000   2.977612018585E+000   2.000000000000E+000
  30600000   6983659   5331536       384   1.414585714324E-004   5.688644000000E+000   5.654154000000E+000   4.671762704849E+001   2.729104184448E-001   7.585893728444E-003   2.729104184448E-001   2.273442000000E+000   2.530158996582E+000   1.414585714324E-004   2.532882000000E+000   2.891292095184E+000   2.000000000000E+000
  99999999   6983659   5331536       384   1.414585714189E-004   5.607512000000E+000   5.587776000000E+000   4.431929111481E+001   2.729104184448E-001   7.585893727002E-003   2.729104184448E-001   1.894945000000E+000   2.495018959045E+000   1.414585714189E-004   2.198335000000E+000   2.863731145859E+000   2.000000000000E+000
  99999999   6983659   5331536       384   1.414585714189E-004   5.348076000000E+000   5.319965000000E+000   4.500132703781E+001   2.729104184448E-001   7.585893727002E-003   2.729104184448E-001   1.899225000000E+000   2.503057003021E+000   1.414585714189E-004   2.179562000000E+000   2.877430915833E+000   2.000000000000E+000
  30600000   6983659   5331536       384   1.414585714315E-004   5.366202000000E+000   5.330088000000E+000   4.971351695061E+001   2.729104184448E-001   7.585893728356E-003   2.729104184448E-001   2.516128000000E+000   2.775266170502E+000   1.414585714315E-004   2.775794000000E+000   3.164560079575E+000   2.000000000000E+000
  99999999   6983659   5331536       384   1.414585714189E-004   5.033267000000E+000   5.005616000000E+000   4.474654483795E+001   2.729104184448E-001   7.585893727002E-003   2.729104184448E-001   1.997515000000E+000   2.562894105911E+000   1.414585714189E-004   2.270511000000E+000   2.924561023712E+000   2.000000000000E+000
